<div>                        <script type="text/javascript">window.PlotlyConfig = {MathJaxConfig: 'local'};</script>
        <script charset="utf-8" src="https://cdn.plot.ly/plotly-2.34.0.min.js"></script>                <div id="599c9acb-417e-4bd8-be8e-8e156f6e1b33" class="plotly-graph-div" style="height:100%; width:100%;"></div>            <script type="text/javascript">                                    window.PLOTLYENV=window.PLOTLYENV || {};                                    if (document.getElementById("599c9acb-417e-4bd8-be8e-8e156f6e1b33")) {                    Plotly.newPlot(                        "599c9acb-417e-4bd8-be8e-8e156f6e1b33",                        [{"coloraxis":"coloraxis","name":"0","texttemplate":"%{z}","x":["Perc_Juros","VL_Emprestimo","VL_Emprestimo_ComJuros","QT_Total_Parcelas_Pagas","QT_Total_Parcelas_Pagas_EmDia","QT_Total_Parcelas_Pagas_EmAtraso","Qt_Renegociacao","QT_Parcelas_Atraso"],"y":["Perc_Juros","VL_Emprestimo","VL_Emprestimo_ComJuros","QT_Total_Parcelas_Pagas","QT_Total_Parcelas_Pagas_EmDia","QT_Total_Parcelas_Pagas_EmAtraso","Qt_Renegociacao","QT_Parcelas_Atraso"],"z":[[1.0,-0.026239763833002926,-0.026239763833003162,-0.14424559440626736,-0.08016201849707039,-0.02978039390612147,-0.0418048430321078,0.059927867580970656],[-0.026239763833002926,1.0,0.9999999999999842,-0.058213919978787984,-0.05039165523242956,-0.12400510099999508,0.10628333963294523,0.03641267804002712],[-0.026239763833003162,0.9999999999999842,1.0,-0.05821391997878906,-0.05039165523243027,-0.1240051009999953,0.1062833396329477,0.03641267804002699],[-0.14424559440626736,-0.058213919978787984,-0.05821391997878906,1.0,0.6956734141458268,0.48988492375797205,0.28198425586235065,-0.7581031459480261],[-0.08016201849707039,-0.05039165523242956,-0.05039165523243027,0.6956734141458268,1.0,-0.03409251216839967,0.08986109132929138,-0.5284413050580551],[-0.02978039390612147,-0.12400510099999508,-0.1240051009999953,0.48988492375797205,-0.03409251216839967,1.0,0.32478803118477917,-0.37711832546586366],[-0.0418048430321078,0.10628333963294523,0.1062833396329477,0.28198425586235065,0.08986109132929138,0.32478803118477917,1.0,-0.28986669549587746],[0.059927867580970656,0.03641267804002712,0.03641267804002699,-0.7581031459480261,-0.5284413050580551,-0.37711832546586366,-0.28986669549587746,1.0]],"type":"heatmap","xaxis":"x","yaxis":"y","hovertemplate":"x: %{x}\u003cbr\u003ey: %{y}\u003cbr\u003ecolor: %{z}\u003cextra\u003e\u003c\u002fextra\u003e"}],                        {"template":{"data":{"barpolar":[{"marker":{"line":{"color":"rgb(17,17,17)","width":0.5},"pattern":{"fillmode":"overlay","size":10,"solidity":0.2}},"type":"barpolar"}],"bar":[{"error_x":{"color":"#f2f5fa"},"error_y":{"color":"#f2f5fa"},"marker":{"line":{"color":"rgb(17,17,17)","width":0.5},"pattern":{"fillmode":"overlay","size":10,"solidity":0.2}},"type":"bar"}],"carpet":[{"aaxis":{"endlinecolor":"#A2B1C6","gridcolor":"#506784","linecolor":"#506784","minorgridcolor":"#506784","startlinecolor":"#A2B1C6"},"baxis":{"endlinecolor":"#A2B1C6","gridcolor":"#506784","linecolor":"#506784","minorgridcolor":"#506784","startlinecolor":"#A2B1C6"},"type":"carpet"}],"choropleth":[{"colorbar":{"outlinewidth":0,"ticks":""},"type":"choropleth"}],"contourcarpet":[{"colorbar":{"outlinewidth":0,"ticks":""},"type":"contourcarpet"}],"contour":[{"colorbar":{"outlinewidth":0,"ticks":""},"colorscale":[[0.0,"#0d0887"],[0.1111111111111111,"#46039f"],[0.2222222222222222,"#7201a8"],[0.3333333333333333,"#9c179e"],[0.4444444444444444,"#bd3786"],[0.5555555555555556,"#d8576b"],[0.6666666666666666,"#ed7953"],[0.7777777777777778,"#fb9f3a"],[0.8888888888888888,"#fdca26"],[1.0,"#f0f921"]],"type":"contour"}],"heatmapgl":[{"colorbar":{"outlinewidth":0,"ticks":""},"colorscale":[[0.0,"#0d0887"],[0.1111111111111111,"#46039f"],[0.2222222222222222,"#7201a8"],[0.3333333333333333,"#9c179e"],[0.4444444444444444,"#bd3786"],[0.5555555555555556,"#d8576b"],[0.6666666666666666,"#ed7953"],[0.7777777777777778,"#fb9f3a"],[0.8888888888888888,"#fdca26"],[1.0,"#f0f921"]],"type":"heatmapgl"}],"heatmap":[{"colorbar":{"outlinewidth":0,"ticks":""},"colorscale":[[0.0,"#0d0887"],[0.1111111111111111,"#46039f"],[0.2222222222222222,"#7201a8"],[0.3333333333333333,"#9c179e"],[0.4444444444444444,"#bd3786"],[0.5555555555555556,"#d8576b"],[0.6666666666666666,"#ed7953"],[0.7777777777777778,"#fb9f3a"],[0.8888888888888888,"#fdca26"],[1.0,"#f0f921"]],"type":"heatmap"}],"histogram2dcontour":[{"colorbar":{"outlinewidth":0,"ticks":""},"colorscale":[[0.0,"#0d0887"],[0.1111111111111111,"#46039f"],[0.2222222222222222,"#7201a8"],[0.3333333333333333,"#9c179e"],[0.4444444444444444,"#bd3786"],[0.5555555555555556,"#d8576b"],[0.6666666666666666,"#ed7953"],[0.7777777777777778,"#fb9f3a"],[0.8888888888888888,"#fdca26"],[1.0,"#f0f921"]],"type":"histogram2dcontour"}],"histogram2d":[{"colorbar":{"outlinewidth":0,"ticks":""},"colorscale":[[0.0,"#0d0887"],[0.1111111111111111,"#46039f"],[0.2222222222222222,"#7201a8"],[0.3333333333333333,"#9c179e"],[0.4444444444444444,"#bd3786"],[0.5555555555555556,"#d8576b"],[0.6666666666666666,"#ed7953"],[0.7777777777777778,"#fb9f3a"],[0.8888888888888888,"#fdca26"],[1.0,"#f0f921"]],"type":"histogram2d"}],"histogram":[{"marker":{"pattern":{"fillmode":"overlay","size":10,"solidity":0.2}},"type":"histogram"}],"mesh3d":[{"colorbar":{"outlinewidth":0,"ticks":""},"type":"mesh3d"}],"parcoords":[{"line":{"colorbar":{"outlinewidth":0,"ticks":""}},"type":"parcoords"}],"pie":[{"automargin":true,"type":"pie"}],"scatter3d":[{"line":{"colorbar":{"outlinewidth":0,"ticks":""}},"marker":{"colorbar":{"outlinewidth":0,"ticks":""}},"type":"scatter3d"}],"scattercarpet":[{"marker":{"colorbar":{"outlinewidth":0,"ticks":""}},"type":"scattercarpet"}],"scattergeo":[{"marker":{"colorbar":{"outlinewidth":0,"ticks":""}},"type":"scattergeo"}],"scattergl":[{"marker":{"line":{"color":"#283442"}},"type":"scattergl"}],"scattermapbox":[{"marker":{"colorbar":{"outlinewidth":0,"ticks":""}},"type":"scattermapbox"}],"scatterpolargl":[{"marker":{"colorbar":{"outlinewidth":0,"ticks":""}},"type":"scatterpolargl"}],"scatterpolar":[{"marker":{"colorbar":{"outlinewidth":0,"ticks":""}},"type":"scatterpolar"}],"scatter":[{"marker":{"line":{"color":"#283442"}},"type":"scatter"}],"scatterternary":[{"marker":{"colorbar":{"outlinewidth":0,"ticks":""}},"type":"scatterternary"}],"surface":[{"colorbar":{"outlinewidth":0,"ticks":""},"colorscale":[[0.0,"#0d0887"],[0.1111111111111111,"#46039f"],[0.2222222222222222,"#7201a8"],[0.3333333333333333,"#9c179e"],[0.4444444444444444,"#bd3786"],[0.5555555555555556,"#d8576b"],[0.6666666666666666,"#ed7953"],[0.7777777777777778,"#fb9f3a"],[0.8888888888888888,"#fdca26"],[1.0,"#f0f921"]],"type":"surface"}],"table":[{"cells":{"fill":{"color":"#506784"},"line":{"color":"rgb(17,17,17)"}},"header":{"fill":{"color":"#2a3f5f"},"line":{"color":"rgb(17,17,17)"}},"type":"table"}]},"layout":{"annotationdefaults":{"arrowcolor":"#f2f5fa","arrowhead":0,"arrowwidth":1},"autotypenumbers":"strict","coloraxis":{"colorbar":{"outlinewidth":0,"ticks":""}},"colorscale":{"diverging":[[0,"#8e0152"],[0.1,"#c51b7d"],[0.2,"#de77ae"],[0.3,"#f1b6da"],[0.4,"#fde0ef"],[0.5,"#f7f7f7"],[0.6,"#e6f5d0"],[0.7,"#b8e186"],[0.8,"#7fbc41"],[0.9,"#4d9221"],[1,"#276419"]],"sequential":[[0.0,"#0d0887"],[0.1111111111111111,"#46039f"],[0.2222222222222222,"#7201a8"],[0.3333333333333333,"#9c179e"],[0.4444444444444444,"#bd3786"],[0.5555555555555556,"#d8576b"],[0.6666666666666666,"#ed7953"],[0.7777777777777778,"#fb9f3a"],[0.8888888888888888,"#fdca26"],[1.0,"#f0f921"]],"sequentialminus":[[0.0,"#0d0887"],[0.1111111111111111,"#46039f"],[0.2222222222222222,"#7201a8"],[0.3333333333333333,"#9c179e"],[0.4444444444444444,"#bd3786"],[0.5555555555555556,"#d8576b"],[0.6666666666666666,"#ed7953"],[0.7777777777777778,"#fb9f3a"],[0.8888888888888888,"#fdca26"],[1.0,"#f0f921"]]},"colorway":["#636efa","#EF553B","#00cc96","#ab63fa","#FFA15A","#19d3f3","#FF6692","#B6E880","#FF97FF","#FECB52"],"font":{"color":"#f2f5fa"},"geo":{"bgcolor":"rgb(17,17,17)","lakecolor":"rgb(17,17,17)","landcolor":"rgb(17,17,17)","showlakes":true,"showland":true,"subunitcolor":"#506784"},"hoverlabel":{"align":"left"},"hovermode":"closest","mapbox":{"style":"dark"},"paper_bgcolor":"rgb(17,17,17)","plot_bgcolor":"rgb(17,17,17)","polar":{"angularaxis":{"gridcolor":"#506784","linecolor":"#506784","ticks":""},"bgcolor":"rgb(17,17,17)","radialaxis":{"gridcolor":"#506784","linecolor":"#506784","ticks":""}},"scene":{"xaxis":{"backgroundcolor":"rgb(17,17,17)","gridcolor":"#506784","gridwidth":2,"linecolor":"#506784","showbackground":true,"ticks":"","zerolinecolor":"#C8D4E3"},"yaxis":{"backgroundcolor":"rgb(17,17,17)","gridcolor":"#506784","gridwidth":2,"linecolor":"#506784","showbackground":true,"ticks":"","zerolinecolor":"#C8D4E3"},"zaxis":{"backgroundcolor":"rgb(17,17,17)","gridcolor":"#506784","gridwidth":2,"linecolor":"#506784","showbackground":true,"ticks":"","zerolinecolor":"#C8D4E3"}},"shapedefaults":{"line":{"color":"#f2f5fa"}},"sliderdefaults":{"bgcolor":"#C8D4E3","bordercolor":"rgb(17,17,17)","borderwidth":1,"tickwidth":0},"ternary":{"aaxis":{"gridcolor":"#506784","linecolor":"#506784","ticks":""},"baxis":{"gridcolor":"#506784","linecolor":"#506784","ticks":""},"bgcolor":"rgb(17,17,17)","caxis":{"gridcolor":"#506784","linecolor":"#506784","ticks":""}},"title":{"x":0.05},"updatemenudefaults":{"bgcolor":"#506784","borderwidth":0},"xaxis":{"automargin":true,"gridcolor":"#283442","linecolor":"#506784","ticks":"","title":{"standoff":15},"zerolinecolor":"#283442","zerolinewidth":2},"yaxis":{"automargin":true,"gridcolor":"#283442","linecolor":"#506784","ticks":"","title":{"standoff":15},"zerolinecolor":"#283442","zerolinewidth":2}}},"xaxis":{"anchor":"y","domain":[0.0,1.0]},"yaxis":{"anchor":"x","domain":[0.0,1.0],"autorange":"reversed"},"coloraxis":{"colorscale":[[0.0,"#0d0887"],[0.1111111111111111,"#46039f"],[0.2222222222222222,"#7201a8"],[0.3333333333333333,"#9c179e"],[0.4444444444444444,"#bd3786"],[0.5555555555555556,"#d8576b"],[0.6666666666666666,"#ed7953"],[0.7777777777777778,"#fb9f3a"],[0.8888888888888888,"#fdca26"],[1.0,"#f0f921"]]},"margin":{"t":60}},                        {"responsive": true}                    )                };                            </script>        </div>